# # r T rho v
1.000000000171451076e+00 1.789404700164007656e+00 2.743121109719824369e-01 2.661029531545818472e+01
1.001026661167941256e+00 1.790014813929891702e+00 2.737844327765967534e-01 2.660692202295583897e+01
1.011087146368385925e+00 1.796014453513284259e+00 2.686973003789170922e-01 2.657383260148113635e+01
1.021248741126042914e+00 1.802123673380726210e+00 2.637089973144887689e-01 2.654035092016037822e+01
1.031512461608855791e+00 1.808336411077796635e+00 2.588175495287205474e-01 2.650647630295999235e+01
1.041879334197426399e+00 1.814642402862975512e+00 2.540210209420479814e-01 2.647220832452346428e+01
1.052350395587652088e+00 1.821030337594025328e+00 2.493175139263577866e-01 2.643754669221118903e+01
1.062926692894398562e+00 1.827487872931618629e+00 2.447051685737310078e-01 2.640249124671622738e+01
1.073609283756209676e+00 1.834001660005250001e+00 2.401821619808933161e-01 2.636704196230862962e+01
1.084399236441073278e+00 1.840557376419777347e+00 2.357467075487809649e-01 2.633119894671256134e+01
1.095297629953250418e+00 1.847139767371954733e+00 2.313970542966463928e-01 2.629496244062374544e+01
1.106305554141173708e+00 1.853732694542524984e+00 2.271314861901130577e-01 2.625833281688003495e+01
1.117424109806435695e+00 1.860319192333174998e+00 2.229483214826253612e-01 2.622131057929851750e+01
1.128654408813868137e+00 1.866881530930488475e+00 2.188459120697258953e-01 2.618389636119915309e+01
1.139997574202730402e+00 1.873406872861142380e+00 2.148226446154397062e-01 2.614609070944840497e+01
1.151454740299014068e+00 1.880021940077344134e+00 2.108769811656391879e-01 2.610788895882282645e+01
1.163027052828876640e+00 1.886763376137343906e+00 2.070073847192527294e-01 2.606929006798576509e+01
1.174715669033214338e+00 1.893621192807875442e+00 2.032123345490390032e-01 2.603029489619893511e+01
1.186521757783388420e+00 1.900584277162294278e+00 1.994903402349820221e-01 2.599090445418174156e+01
1.198446499698112344e+00 1.907640402721815454e+00 1.958399410893393866e-01 2.595111990391523094e+01
1.210491087261514664e+00 1.914776249512769368e+00 1.922597055942044941e-01 2.591094255801537827e+01
1.222656724942389195e+00 1.921977432981168299e+00 1.887482308511073126e-01 2.587037387867915683e+01
1.234944629314641995e+00 1.929228541590583434e+00 1.853041420421961127e-01 2.582941547620822220e+01
1.247356029178950054e+00 1.936513182818465406e+00 1.819260919025043333e-01 2.578806910712439660e+01
1.259892165685642995e+00 1.943814037161432529e+00 1.786127602028611261e-01 2.574633667188833641e+01
1.272554292458818015e+00 1.951112919664202083e+00 1.753628532429628573e-01 2.570422021224339559e+01
1.285343675721704271e+00 1.958390848401041495e+00 1.721751033541758791e-01 2.566172190820402221e+01
1.298261594423286258e+00 1.965706471964616231e+00 1.690482885429358262e-01 2.561884102386632023e+01
1.311309340366198839e+00 1.973171832812360860e+00 1.659812238144078855e-01 2.557557491122401672e+01
1.324488218335909462e+00 1.980780319569492631e+00 1.629727169618644667e-01 2.553192569754242669e+01
1.337799546231197345e+00 1.988520976966550835e+00 1.600215988395765065e-01 2.548789578937789457e+01
1.351244655195944944e+00 1.996381664689474311e+00 1.571267237362110603e-01 2.544348774799535562e+01
1.364824889752253245e+00 2.004349073693631578e+00 1.542869689312523773e-01 2.539870428757157939e+01
1.378541607934894442e+00 2.012408751628884218e+00 1.515012342609807494e-01 2.535354827294098712e+01
1.392396181427117963e+00 2.020545137241273714e+00 1.487684416936312093e-01 2.530802271689156058e+01
1.406389995697818085e+00 2.028741603504178315e+00 1.460875349133503309e-01 2.526213077702284693e+01
1.420524450140083994e+00 2.036980509124890037e+00 1.434574789125799277e-01 2.521587575218111255e+01
1.434800958211137623e+00 2.045243257973391238e+00 1.408772595924925597e-01 2.516926107849161554e+01
1.449220947573684137e+00 2.053516072490840561e+00 1.383458846247729856e-01 2.512229009735926155e+01
1.463785860238675740e+00 2.061900281971082549e+00 1.358624066481719239e-01 2.507496167998329284e+01
1.478497152709517426e+00 2.070449564856221780e+00 1.334258861115051042e-01 2.502727674655631773e+01
1.493356296127714700e+00 2.079174784487737071e+00 1.310353929459577849e-01 2.497923804285581539e+01
1.508364776419992559e+00 2.088063712671570649e+00 1.286900110845445033e-01 2.493084933569006267e+01
1.523524094446887078e+00 2.097102779874440603e+00 1.263888429127455193e-01 2.488211453710754384e+01
1.538835766152834461e+00 2.106277097306971768e+00 1.241310089196956956e-01 2.483303770107703556e+01
1.554301322717764222e+00 2.115570489323670866e+00 1.219156473569661531e-01 2.478362301967431947e+01
1.569922310710220703e+00 2.124965535919381754e+00 1.197419139046181219e-01 2.473387481878661376e+01
1.585700292242022025e+00 2.134443624975275622e+00 1.176089813441892062e-01 2.468379755335386250e+01
1.601636845124468467e+00 2.143985013789103444e+00 1.155160392382906104e-01 2.463339580216795000e+01
1.617733563026129362e+00 2.153610960475755842e+00 1.134623015108433691e-01 2.458267255187029932e+01
1.633992055632208285e+00 2.163436015821522229e+00 1.114470149736136728e-01 2.453162710969810689e+01
1.650413948805515174e+00 2.173456972164293788e+00 1.094694192837563501e-01 2.448026368691358812e+01
1.667000884749052281e+00 2.183661216334450650e+00 1.075287679560505277e-01 2.442858694821907761e+01
1.683754522170236356e+00 2.194085283272134479e+00 1.056243385417857950e-01 2.437659961796946106e+01
1.700676536446770415e+00 2.204732403534871210e+00 1.037554171586934221e-01 2.432430587212062179e+01
1.717768619794184826e+00 2.215589529304740513e+00 1.019213016805977229e-01 2.427171061819344544e+01
1.735032481435057061e+00 2.226642183219221582e+00 1.001213041896297506e-01 2.421881888107019520e+01
1.752469847769938305e+00 2.237874483804012105e+00 9.835475070560921462e-02 2.416563579859722566e+01
1.770082462549992686e+00 2.249271313518129478e+00 9.662098127707810513e-02 2.411216652795136639e+01
1.787872087051375791e+00 2.260919256365002905e+00 9.491936618492358146e-02 2.405841206073057847e+01
1.805840500251362446e+00 2.272869159447818088e+00 9.324928204212473704e-02 2.400437497117240326e+01
1.823989499006246184e+00 2.285108808783625989e+00 9.161010782411058151e-02 2.395006051072687825e+01
1.842320898231027071e+00 2.297624170791653153e+00 9.000123503292059568e-02 2.389547404710430456e+01
1.860836531080903633e+00 2.310399399894717654e+00 8.842206745798888989e-02 2.384062106033207229e+01
1.879538249134590444e+00 2.323416859853900451e+00 8.687202094276656739e-02 2.378550713822915341e+01
1.898427922579477567e+00 2.336661511824786430e+00 8.535052381789891285e-02 2.373013778753195169e+01
1.917507440398651397e+00 2.350169636426673758e+00 8.385702387385680912e-02 2.367451638272956416e+01
1.936778710559793559e+00 2.364003519347010585e+00 8.239098379098380720e-02 2.361864523649733272e+01
1.956243660205978951e+00 2.378306230348373518e+00 8.095188846543750760e-02 2.356252331666817668e+01
1.975904235848393364e+00 2.393071970250919112e+00 7.953921106543641872e-02 2.350615595550133108e+01
1.995762403560985332e+00 2.408291905216923823e+00 7.815243519272155326e-02 2.344954863041750670e+01
2.015820149177073972e+00 2.423954909417988191e+00 7.679105479341907792e-02 2.339270692911729199e+01
2.036079478487935912e+00 2.440047540144060889e+00 7.545457395803978340e-02 2.333563654696211387e+01
2.056542417443385506e+00 2.456554030291360657e+00 7.414250672713862400e-02 2.327834328364107108e+01
2.077211012354370556e+00 2.473495087744370657e+00 7.285438214792688827e-02 2.322083136720905827e+01
2.098087330097605729e+00 2.491006119754308745e+00 7.158975400272091227e-02 2.316310011565510862e+01
2.119173458322262782e+00 2.509096256673533976e+00 7.034816781705241495e-02 2.310515433485012338e+01
2.140471505658736007e+00 2.527753004238109558e+00 6.912917561078328610e-02 2.304699976036443942e+01
2.161983601929506449e+00 2.546962908366533274e+00 6.793233856086822176e-02 2.298864215849611981e+01
2.183711898362130199e+00 2.566774003933752546e+00 6.675723472179828644e-02 2.293008460709806684e+01
2.205658567804355652e+00 2.587222400181030224e+00 6.560344902917321364e-02 2.287133071017386854e+01
2.227825804941415910e+00 2.608488006698888917e+00 6.447059249734968245e-02 2.281237778262592997e+01
2.250215826515498563e+00 2.630614746795629788e+00 6.335826649636859542e-02 2.275322914748052838e+01
2.272830871547418585e+00 2.653598496345896951e+00 6.226607459748866036e-02 2.269389021963171871e+01
2.295673201560525012e+00 2.677431303286361697e+00 6.119362809359572830e-02 2.263436655812747844e+01
2.318745100806855586e+00 2.702103352432205785e+00 6.014054609376848909e-02 2.257466377535766711e+01
2.342048876495560705e+00 2.727738881554878869e+00 5.910647119711017611e-02 2.251478150474573425e+01
2.365586859023629085e+00 2.754435988624763354e+00 5.809104962669447980e-02 2.245472057306328750e+01
2.389361402208928897e+00 2.782196399087215166e+00 5.709392347941961293e-02 2.239448607828641258e+01
2.413374883525590597e+00 2.811017720863085323e+00 5.611474174041587715e-02 2.233408326712628877e+01
2.437629704341758075e+00 2.840921227291566264e+00 5.515316325746078691e-02 2.227351628182458043e+01
2.462128290159723676e+00 2.872056893767207075e+00 5.420886786523115147e-02 2.221278345822977229e+01
2.486873090858485735e+00 2.904501701659965018e+00 5.328153334983081607e-02 2.215188641900349253e+01
2.511866580938734828e+00 2.938312653800214225e+00 5.237084160671502675e-02 2.209082767087799226e+01
2.537111259770306937e+00 2.973512030599785749e+00 5.147647715501151022e-02 2.202961125205679593e+01
2.562609651842123082e+00 3.010238425318731537e+00 5.059814305694786130e-02 2.196823587713824821e+01
2.588364307014638044e+00 3.048530279067664051e+00 4.973553747309699541e-02 2.190670482001002384e+01
2.614377800774831950e+00 3.088389776201569070e+00 4.888836090712977978e-02 2.184502296173755909e+01
2.640652734493758924e+00 3.129842945091224848e+00 4.805632242531119452e-02 2.178319403199420279e+01
2.667191735686686549e+00 3.172968542833316530e+00 4.723914219466696096e-02 2.172121930027900305e+01
2.693997458275850132e+00 3.217782837906761895e+00 4.643653962233910276e-02 2.165910287562960690e+01
2.721072582855846633e+00 3.264290661630615098e+00 4.564823867624363818e-02 2.159684934368932119e+01
2.748419816961696238e+00 3.312459349801405217e+00 4.487396533266783255e-02 2.153446496999413640e+01
2.776041895339600440e+00 3.362284437473425758e+00 4.411345399703216208e-02 2.147195463834512097e+01
2.803941580220413954e+00 3.413759203243024398e+00 4.336644428924304323e-02 2.140932327952066316e+01
2.832121661595875750e+00 3.466831617615739880e+00 4.263267693109326628e-02 2.134657787778455074e+01
2.860584957497605441e+00 3.521540933782981941e+00 4.191190655637017093e-02 2.128372105578511508e+01
2.889334314278914295e+00 3.577857971055359521e+00 4.120388635102940900e-02 2.122075861611629577e+01
2.918372606899438004e+00 3.635556286087380240e+00 4.050835678310783089e-02 2.115770560327194616e+01
2.947702739212636036e+00 3.694593268193569813e+00 3.982508087495924276e-02 2.109456821689284212e+01
2.977327644256182904e+00 3.754921887366059252e+00 3.915382613505626053e-02 2.103135281711627513e+01
3.007250284545269992e+00 3.816319751123433246e+00 3.849434958935771950e-02 2.096807403359943578e+01
3.037473652368862354e+00 3.878751641822083318e+00 3.784643013345950768e-02 2.090473742079477404e+01
3.068000770088926910e+00 3.942120187283092658e+00 3.720984581993414669e-02 2.084135146970316299e+01
3.098834690442677342e+00 4.006192100801547973e+00 3.658436800254286081e-02 2.077793108674982392e+01
3.129978496847841907e+00 4.070979610749821731e+00 3.596979392710453888e-02 2.071447921519533963e+01
3.161435303711016331e+00 4.136348521885596874e+00 3.536591260779484852e-02 2.065100585414675294e+01
3.193208256739099582e+00 4.202103825136364712e+00 3.477251274322721436e-02 2.058752381846591817e+01
3.225300533253872448e+00 4.268246358426901921e+00 3.418940370717361843e-02 2.052403627411258924e+01
3.257715342509730494e+00 4.334671345074855076e+00 3.361639008219970831e-02 2.046055150248455234e+01
3.290455926014610899e+00 4.401275046652604495e+00 3.305328073628953367e-02 2.039707761037974976e+01
3.323525557854149159e+00 4.468061273170839343e+00 3.249989703594684254e-02 2.033361732495503560e+01
3.356927545019085635e+00 4.534925120451279490e+00 3.195605530912434128e-02 2.027017869183444176e+01
3.390665227735973453e+00 4.601767327523746509e+00 3.142157625162798895e-02 2.020676935197733926e+01
3.424741979801199321e+00 4.668598624483693449e+00 3.089629270227971930e-02 2.014339139206297347e+01
3.459161208918365649e+00 4.735415531414942869e+00 3.038003961569150577e-02 2.008004753782465457e+01
3.493926357039067732e+00 4.802208457869137526e+00 2.987265468648800035e-02 2.001674074057506303e+01
3.529040900707089090e+00 4.868991435047838934e+00 2.937398050403085964e-02 1.995347268873725355e+01
3.564508351406058928e+00 4.935766895913520358e+00 2.888386178438899846e-02 1.989024558668100440e+01
3.600332255910601909e+00 5.002495580608824710e+00 2.840214319232081328e-02 1.982706367292804828e+01
3.636516196641022880e+00 5.069170007667101352e+00 2.792867475791107473e-02 1.976392948802740435e+01
3.673063792021548757e+00 5.135789281400876760e+00 2.746330986072257827e-02 1.970084516193456636e+01
3.709978696842173296e+00 5.202390215987994893e+00 2.700590733446336586e-02 1.963781081684464880e+01
3.747264602624141627e+00 5.268980285057737412e+00 2.655632654230873080e-02 1.957482802244003395e+01
3.784925237989102520e+00 5.335555109337963842e+00 2.611442868936485542e-02 1.951189888079807488e+01
3.822964369031977672e+00 5.402139953000992811e+00 2.568007965492744363e-02 1.944902388162426732e+01
3.861385799697570675e+00 5.468846168170686362e+00 2.525315359956174094e-02 1.938619898647601048e+01
3.900193372160965399e+00 5.535679349084148271e+00 2.483351969377879317e-02 1.932342561395706682e+01
3.939390967211747530e+00 5.602625879415466414e+00 2.442104829951106601e-02 1.926070611103799379e+01
3.978982504642088358e+00 5.669724202775085153e+00 2.401561568932877866e-02 1.919804000841894975e+01
4.018971943638722344e+00 5.737097079935708166e+00 2.361710581795468250e-02 1.913542235750844256e+01
4.059363283178876181e+00 5.804746406499695865e+00 2.322539675975851189e-02 1.907285453386258567e+01
4.100160562430160027e+00 5.872672443068081449e+00 2.284036877308560920e-02 1.901033793094081759e+01
4.141367861154500396e+00 5.940939120708771171e+00 2.246190839172981790e-02 1.894787047546260439e+01
4.182989300116106257e+00 6.009637760204491919e+00 2.208990580881187160e-02 1.888544859586830782e+01
4.225029041493559845e+00 6.078759572430062263e+00 2.172424688015501398e-02 1.882307402287072051e+01
4.267491289296033052e+00 6.148287639280868966e+00 2.136481911778963239e-02 1.876074885904666090e+01
4.310380289783689811e+00 6.218305016339853886e+00 2.101151826289250971e-02 1.869846971981509043e+01
4.353700331892320641e+00 6.288975332829210174e+00 2.066424660930694587e-02 1.863622884197160090e+01
4.397455747662236902e+00 6.360289931392809848e+00 2.032289767630125754e-02 1.857402777441281927e+01
4.441650912671477158e+00 6.432236119809189745e+00 1.998736675015621786e-02 1.851186822250776487e+01
4.486290246473373600e+00 6.504909138981063599e+00 1.965755741932184372e-02 1.844974589102312024e+01
4.531378213038504299e+00 6.578524589397538591e+00 1.933338176712475973e-02 1.838764986638233268e+01
4.576919321201099677e+00 6.653069622751576873e+00 1.901473999791434763e-02 1.832558178914812430e+01
4.622918125109927168e+00 6.728530360396615784e+00 1.870153414034788492e-02 1.826354329796945919e+01
4.669379224683711804e+00 6.805015625195998119e+00 1.839367499815403387e-02 1.820152911744814261e+01
4.716307266071126492e+00 6.882835226444339760e+00 1.809108593930687167e-02 1.813952276663723850e+01
4.763706942115416787e+00 6.961988819164139031e+00 1.779367405417914966e-02 1.807752509936812402e+01
4.811582992823687732e+00 7.042466359835733769e+00 1.750134763479893260e-02 1.801553745937198414e+01
4.859940205840907801e+00 7.124384538908678621e+00 1.721402359008831345e-02 1.795355394653581627e+01
4.908783416928675258e+00 7.208069137508494428e+00 1.693163130485256240e-02 1.789155682910335798e+01
4.958117510448802001e+00 7.293507127281968927e+00 1.665408288008698307e-02 1.782954760784114967e+01
5.007947419851751292e+00 7.380699688873963993e+00 1.638129282841777057e-02 1.776752692012140145e+01
5.058278128169989785e+00 7.469881050463012429e+00 1.611318946358457002e-02 1.770548193486028765e+01
5.109114668516291147e+00 7.561486348298158688e+00 1.584971231939276415e-02 1.764338831446310962e+01
5.160462124587053445e+00 7.655522868723129370e+00 1.559077939407109252e-02 1.758124639818713320e+01
5.212325631170673823e+00 7.751999611552676583e+00 1.533631030455597476e-02 1.751905637426400730e+01
5.264710374661031977e+00 7.851415284748259005e+00 1.508625088345859171e-02 1.745678977641806640e+01
5.317621593576127736e+00 7.954131847711824577e+00 1.484054021257097400e-02 1.739442624008012928e+01
5.371064579081949120e+00 8.060180394650375391e+00 1.459910160845755665e-02 1.733196475339127574e+01
5.425044675521578874e+00 8.169773340985885923e+00 1.436186874223725415e-02 1.726939350292241215e+01
5.479567280949646957e+00 8.283667670374740055e+00 1.412880266490403394e-02 1.720666841791482327e+01
5.534637847672130739e+00 8.402021751706694630e+00 1.389983511617327513e-02 1.714378102662284320e+01
5.590261882791596193e+00 8.524948251075471717e+00 1.367489677590771023e-02 1.708072549104483073e+01
5.646444948757907589e+00 8.653313407354756848e+00 1.345395531932546546e-02 1.701745062332578584e+01
5.703192663924482098e+00 8.787426062270128568e+00 1.323695148555499232e-02 1.695393889055342029e+01
5.760510703110125696e+00 8.927440277203535501e+00 1.302381960890567660e-02 1.689018197550031530e+01
5.818404798166520564e+00 9.074324801009117536e+00 1.281453294294799053e-02 1.682612184181632387e+01
5.876880738551419014e+00 9.228498219454376539e+00 1.260903862859542000e-02 1.676173408099674234e+01
5.935944371907589279e+00 9.390289769247798901e+00 1.240728039990113621e-02 1.669699952422579159e+01
5.995601604647586846e+00 9.560563044470038463e+00 1.220922695979960448e-02 1.663186592660188978e+01
6.055858402544401997e+00 9.739643373520092240e+00 1.201482246502994303e-02 1.656631423134195558e+01
6.116720791328036810e+00 9.927966019668856390e+00 1.182401689151577236e-02 1.650031828352452834e+01
6.178194857288088038e+00 1.012596150265928330e+01 1.163676060636979238e-02 1.643385207422904415e+01
6.240286747882380247e+00 1.033373993250313205e+01 1.145299052628104101e-02 1.636690955061068209e+01
6.303002672351719404e+00 1.055112676719305753e+01 1.127263244812648155e-02 1.629950244504819068e+01
6.366348902340811300e+00 1.077809954150784222e+01 1.109562054110443084e-02 1.623163277581783959e+01
6.430331772525446965e+00 1.101371024468236293e+01 1.092185042576999596e-02 1.616336165305310146e+01
6.494957681245961290e+00 1.125770091137005657e+01 1.075125048837591996e-02 1.609470588837636740e+01
6.560233091147083861e+00 1.150838498029730417e+01 1.058368966546692665e-02 1.602577491283755862e+01
6.626164529824200677e+00 1.176524664618488281e+01 1.041909091581419942e-02 1.595660220701534371e+01
6.692758590476122649e+00 1.202638472800381564e+01 1.025732035313074025e-02 1.588731245595666230e+01
6.760021932564407976e+00 1.229111258601978385e+01 1.009829954616304690e-02 1.581795070186763041e+01
6.827961282479320992e+00 1.255773298254060677e+01 9.941909541269907877e-03 1.574862963884356049e+01
6.896583434212467445e+00 1.282540130931126576e+01 9.788070676158895644e-03 1.567940546084932762e+01
6.965895250036210129e+00 1.309290999670361799e+01 9.636690089208069590e-03 1.561035951751154371e+01
7.035903661189886193e+00 1.335926305785285351e+01 9.487686473361378256e-03 1.554155907136554227e+01
7.106615668572955791e+00 1.362388479706984157e+01 9.340997724937318697e-03 1.547304370468171975e+01
7.178038343445080294e+00 1.388544671572504186e+01 9.196532737759294945e-03 1.540490440730057919e+01
7.250178828133267750e+00 1.414386874850249498e+01 9.054253580964849099e-03 1.533714719767783485e+01
7.323044336746105110e+00 1.439804893693175991e+01 8.914081721709907896e-03 1.526984885689025617e+01
7.396642155895174042e+00 1.464779839439261799e+01 8.775977631819595684e-03 1.520302299358556475e+01
7.470979645423719617e+00 1.489282985407784921e+01 8.639898528107568115e-03 1.513669041093764456e+01
7.546064239142645569e+00 1.513232926681238055e+01 8.505781757942049853e-03 1.507090892471473431e+01
7.621903445573892100e+00 1.536639899332301873e+01 8.373602598722213255e-03 1.500567185816617233e+01
7.698504848701305470e+00 1.559483718628413662e+01 8.243324641260754357e-03 1.494099421959287355e+01
7.775876108729029568e+00 1.581734823329196082e+01 8.114908672109495333e-03 1.487689765467694514e+01
7.854024962847545588e+00 1.603410139465567852e+01 7.988334460641831683e-03 1.481337040002141414e+01
7.932959226007388231e+00 1.624518145929325996e+01 7.863578691582726390e-03 1.475040671524379299e+01
8.012686791700653899e+00 1.645047730282333021e+01 7.740610858089815548e-03 1.468801502311874607e+01
8.093215632750348831e+00 1.665014106913398351e+01 7.619411146640688720e-03 1.462618439402818460e+01
8.174553802107690004e+00 1.684434378724065695e+01 7.499960665815404506e-03 1.456490237160896584e+01
8.256709433657391628e+00 1.703338768134117842e+01 7.382245681544236798e-03 1.450414655996610414e+01
8.339690743031072273e+00 1.721760782252594524e+01 7.266253631995161361e-03 1.444389196104160966e+01
8.423506028428821679e+00 1.739713661254736010e+01 7.151964300010286817e-03 1.438412858542187323e+01
8.508163671449027632e+00 1.757209702320600186e+01 7.039357336491907681e-03 1.432484704191927527e+01
8.593672137926535726e+00 1.774264535227909789e+01 6.928413857936873040e-03 1.426603528104252661e+01
8.680039978779257481e+00 1.790907686128226217e+01 6.819120250818148064e-03 1.420767050767479844e+01
8.767275830863244579e+00 1.807149152664673153e+01 6.711455715168882299e-03 1.414974480354813302e+01
8.855388417836408621e+00 1.822995875951922073e+01 6.605398600567456181e-03 1.409225250941690177e+01
8.944386551030868659e+00 1.838456967654592589e+01 6.500928325739125345e-03 1.403518621133455113e+01
9.034279130334113006e+00 1.853544111372574221e+01 6.398025488787690770e-03 1.397853638769867146e+01
9.125075145078980654e+00 1.868300302218959885e+01 6.296682060917335039e-03 1.392226873896664685e+01
9.216783674942609750e+00 1.882740440842758645e+01 6.196879768779345495e-03 1.386637106776130501e+01
9.309413890854415286e+00 1.896869539909205571e+01 6.098597032696400147e-03 1.381083892645601274e+01
9.402975055913174174e+00 1.910692509265669514e+01 6.001812536343418929e-03 1.375566790453657973e+01
9.497476526313363365e+00 1.924214160174609489e+01 5.906505224809653794e-03 1.370085362685087205e+01
9.592927752280775877e+00 1.937439882421115911e+01 5.812654537076828755e-03 1.364639120145887041e+01
9.689338279017547961e+00 1.950398335482843137e+01 5.720248189786941197e-03 1.359225668424182665e+01
9.786717747656696886e+00 1.963105127289101404e+01 5.629269354848382562e-03 1.353843675256985790e+01
9.885075896226238612e+00 1.975564362020751830e+01 5.539697447641681212e-03 1.348492744946811683e+01
9.984422560622991938e+00 1.987780054819970843e+01 5.451512143449113203e-03 1.343172486085600958e+01
1.008476767559618992e+01 1.999755336448862764e+01 5.364693106825524360e-03 1.337882578387859311e+01
1.018612127574094472e+01 2.011491002233074354e+01 5.279219522167637180e-03 1.332622894602608987e+01
1.028849349650173828e+01 2.022989947838713576e+01 5.195071590299153198e-03 1.327393128889540286e+01
1.039189457518595461e+01 2.034260368443541012e+01 5.112231546111874539e-03 1.322192521434543977e+01
1.049633485198763161e+01 2.045317266890480568e+01 5.030684037462494589e-03 1.317019730454889803e+01
1.060182477102148368e+01 2.056162954097097995e+01 4.950409719457485140e-03 1.311874493701765765e+01
1.070837488136731430e+01 2.066799654354090165e+01 4.871389505512427331e-03 1.306756554679722626e+01
1.081599583812496590e+01 2.077229575280306051e+01 4.793604586147370145e-03 1.301665656800050819e+01
1.092469840347978227e+01 2.087454908259259767e+01 4.717036424884795721e-03 1.296601543402126211e+01
1.103449344777889607e+01 2.097477828859747717e+01 4.641666754213619531e-03 1.291563957775029792e+01
1.114539195061822952e+01 2.107300497241130799e+01 4.567477571617769086e-03 1.286552643179557620e+01
1.125740500194048188e+01 2.116925058543804283e+01 4.494451135668826869e-03 1.281567342870443404e+01
1.137054380314413216e+01 2.126356007891132904e+01 4.422570697463342956e-03 1.276607587874288363e+01
1.148481966820357947e+01 2.135603387530645136e+01 4.351821434163144313e-03 1.271672410026643618e+01
1.160024402480056516e+01 2.144669518464248625e+01 4.282186314948822556e-03 1.266761533340167745e+01
1.171682841546692799e+01 2.153553627067960363e+01 4.213647620439127210e-03 1.261874961649601268e+01
1.183458449873889506e+01 2.162256718635616792e+01 4.146188455409470855e-03 1.257012536221751020e+01
1.195352405032292609e+01 2.170780502345485630e+01 4.079792392548946961e-03 1.252174033584845247e+01
1.207365896427328877e+01 2.179126683850450164e+01 4.014443248585502361e-03 1.247359229866957264e+01
1.219500125418149494e+01 2.187296965309951347e+01 3.950125080530557560e-03 1.242567900831354777e+01
1.231756305437765953e+01 2.195293045420227074e+01 3.886822181989887416e-03 1.237799821911474751e+01
1.244135662114392460e+01 2.203116619442796775e+01 3.824519079539616829e-03 1.233054768245441934e+01
1.256639433394013849e+01 2.210769379231058451e+01 3.763200529165735934e-03 1.228332514710216472e+01
1.269268869664177579e+01 2.218253013255010586e+01 3.702851512766149912e-03 1.223632835955273812e+01
1.282025233879035753e+01 2.225570256892964949e+01 3.643457536472043123e-03 1.218955405479594489e+01
1.294909801685639295e+01 2.232725244294699962e+01 3.585004708139554516e-03 1.214299762001759220e+01
1.307923861551506484e+01 2.239719487710856427e+01 3.527478583891757551e-03 1.209665695688599030e+01
1.321068714893469220e+01 2.246554490495613265e+01 3.470864933596229558e-03 1.205052997278844984e+01
1.334345676207815501e+01 2.253231735697075067e+01 3.415149734386838370e-03 1.200461459278109189e+01
1.347756073201740890e+01 2.259750981238527956e+01 3.360318694933076954e-03 1.195891044259435887e+01
1.361301246926120356e+01 2.266112439850424209e+01 3.306357878521697449e-03 1.191341669830642402e+01
1.374982551909613804e+01 2.272317677300990368e+01 3.253253935046891698e-03 1.186813119835649211e+01
1.388801356294121092e+01 2.278368258833033266e+01 3.200993713209942561e-03 1.182305177960500231e+01
1.402759041971595799e+01 2.284265749105757237e+01 3.149564257499157076e-03 1.177817627765193897e+01
1.416857004722237789e+01 2.290011712136524480e+01 3.098952805222206924e-03 1.173350252715001041e+01
1.431096654354069742e+01 2.295607711242568882e+01 3.049146783589844895e-03 1.168902836211250040e+01
1.445479414843921617e+01 2.301055308982608949e+01 3.000133806850002055e-03 1.164475161621534660e+01
1.460006724479828222e+01 2.306356067098396423e+01 2.951901673471177094e-03 1.160067012309371748e+01
1.474680036004859041e+01 2.311511546456184973e+01 2.904438363374099111e-03 1.155678171663296361e+01
1.489500816762394564e+01 2.316523306988142750e+01 2.857732035210704992e-03 1.151308423125371760e+01
1.504470548842861355e+01 2.321392907633762803e+01 2.811771023689484637e-03 1.146957550219100064e+01
1.519590729231941673e+01 2.326121889727961900e+01 2.766543832691967676e-03 1.142625338333806972e+01
1.534862869960275056e+01 2.330711705063921002e+01 2.722039114671643157e-03 1.138311582395380128e+01
1.550288498254661285e+01 2.335162552809073233e+01 2.678245374603948660e-03 1.134016211754761017e+01
1.565869156690784259e+01 2.339473837143041024e+01 2.635151101103847589e-03 1.129739241317446918e+01
1.581606403347471712e+01 2.343647080134746830e+01 2.592745495739913562e-03 1.125480459038094061e+01
1.597501811962503737e+01 2.347683839166138142e+01 2.551017929643179753e-03 1.121239649137001138e+01
1.613556972089987340e+01 2.351585671339185524e+01 2.509957932036262565e-03 1.117016595923188582e+01
1.629773489259315866e+01 2.355354133391029237e+01 2.469555187885569096e-03 1.112811083818500713e+01
1.646152985135719149e+01 2.358990781610190979e+01 2.429799535593084921e-03 1.108622897380940309e+01
1.662697097682434944e+01 2.362497171753926395e+01 2.390680964726870066e-03 1.104451821327249128e+01
1.679407481324503948e+01 2.365874858966816419e+01 2.352189613789560600e-03 1.100297640554673606e+01
1.696285807114216837e+01 2.369125397700727831e+01 2.314315768024057061e-03 1.096160140161923202e+01
1.713333762898217216e+01 2.372250341636220838e+01 2.277049857255700194e-03 1.092039105469276095e+01
1.730553053486290338e+01 2.375251243605599072e+01 2.240382453770281730e-03 1.087934322037768453e+01
1.747945400821844686e+01 2.378129655517666663e+01 2.204304270227050184e-03 1.083845575687495177e+01
1.765512544154106678e+01 2.380887128284388865e+01 2.168806157606172156e-03 1.079772652514929909e+01
1.783256240212049804e+01 2.383524613027665495e+01 2.133878964646129112e-03 1.075715408750922286e+01
1.801178263380066014e+01 2.386041825217566625e+01 2.099513398849788600e-03 1.071673845092660571e+01
1.819280405875407070e+01 2.388440203373399484e+01 2.065700709453494825e-03 1.067647761655220151e+01
1.837564477927407225e+01 2.390721322546472294e+01 2.032432307696083271e-03 1.063636942761756288e+01
1.856032307958509264e+01 2.392886755122229303e+01 1.999699732348645450e-03 1.059641173191665864e+01
1.874685742767105978e+01 2.394938070793169871e+01 1.967494647888327376e-03 1.055660238189964772e+01
1.893526647712222655e+01 2.396876836533986932e+01 1.935808842701166460e-03 1.051693923475418124e+01
1.912556906900054798e+01 2.398704616579152216e+01 1.904634227313282231e-03 1.047742015247446901e+01
1.931778423372379905e+01 2.400422972403226396e+01 1.873962832650028854e-03 1.043804300191696299e+01
1.951193119296862477e+01 2.402033462704141087e+01 1.843786808322575793e-03 1.039880565484212482e+01
1.970802936159274310e+01 2.403537643389729794e+01 1.814098420941372787e-03 1.035970598794196640e+01
1.990609834957643542e+01 2.404937067567802345e+01 1.784890052456104045e-03 1.032074188285223748e+01
2.010615796398355926e+01 2.406233285540071520e+01 1.756154198521664390e-03 1.028191122614851416e+01
2.030822821094226782e+01 2.407427844800229977e+01 1.727883466889659683e-03 1.024321190932565706e+01
2.051232929764564616e+01 2.408521374216850575e+01 1.700070381955315173e-03 1.020464299245912443e+01
2.071848163437245560e+01 2.409510379200014896e+01 1.672706723401603309e-03 1.016620878709963449e+01
2.092670583652816418e+01 2.410395479358698267e+01 1.645785279225910926e-03 1.012790838569032381e+01
2.113702272670649762e+01 2.411178246998040109e+01 1.619299146701578228e-03 1.008973967033194619e+01
2.134945333677175228e+01 2.411860249335664719e+01 1.593241525611952198e-03 1.005170052991974750e+01
2.156401890996195547e+01 2.412443048564154324e+01 1.567605716835823899e-03 1.001378886002767921e+01
2.178074090301322485e+01 2.412928201917673476e+01 1.542385120953979755e-03 9.976002562772787741e+00
2.199964098830547954e+01 2.413317261743143050e+01 1.517573236876412508e-03 9.938339546659614498e+00
2.222074105602965588e+01 2.413611775576440621e+01 1.493163660489903915e-03 9.900797726403514076e+00
2.244406321637677948e+01 2.413813286224037569e+01 1.469150083325788990e-03 9.863375022730874520e+00
2.266962980174899656e+01 2.413923331850568843e+01 1.445526291247461190e-03 9.826069362156164999e+00
2.289746336899280621e+01 2.413943446072852339e+01 1.422286163157475847e-03 9.788878676733537176e+00
2.312758670165479202e+01 2.413875158060876203e+01 1.399423669723894297e-03 9.751800903782223529e+00
2.336002281226000576e+01 2.413719992646311141e+01 1.376932872125761782e-03 9.714833985583185338e+00
2.359479494461319149e+01 2.413479241377727291e+01 1.354807876183131881e-03 9.677976187887775694e+00
2.383192657612323018e+01 2.413148110705653693e+01 1.333041708062686478e-03 9.641234242087335815e+00
2.407144142015088661e+01 2.412726165019882174e+01 1.311628365596480186e-03 9.604608841717359624e+00
2.431336342838016407e+01 2.412214953857422373e+01 1.290562321838799407e-03 9.568097923347300693e+00
2.455771679321347989e+01 2.411616028833790892e+01 1.269838133851321649e-03 9.531699417799913476e+00
2.480452595019094630e+01 2.410930943619523958e+01 1.249450441494708236e-03 9.495411249827611755e+00
2.505381558043394463e+01 2.410161253930141712e+01 1.229393966241295157e-03 9.459231337751102586e+00
2.530561061311323101e+01 2.409308517530346805e+01 1.209663510008668038e-03 9.423157593057217341e+00
2.555993622794191111e+01 2.408374294253302139e+01 1.190253954013865143e-03 9.387187919953221993e+00
2.581681785769340465e+01 2.407360146035838611e+01 1.171160257647831755e-03 9.351320214875757486e+00
2.607628119074475137e+01 2.406267636970585500e+01 1.152377457370089070e-03 9.315552365949773872e+00
2.633835217364547887e+01 2.405098333376058406e+01 1.133900665623294949e-03 9.279882252394942910e+00
2.660305701371227372e+01 2.403853803885806428e+01 1.115725069767446514e-03 9.244307743876449379e+00
2.687042218164972240e+01 2.402535619557806612e+01 1.097845931033728266e-03 9.208826699794734338e+00
2.714047441419742768e+01 2.401145317487514674e+01 1.080258576938253204e-03 9.173437024213358271e+00
2.741324071680369912e+01 2.399680804758541797e+01 1.062957761928468676e-03 9.138142156253534765e+00
2.768874836632608805e+01 2.398140636960830108e+01 1.045938452812721076e-03 9.102944567479859472e+00
2.796702491375914335e+01 2.396526323017062765e+01 1.029196221443590912e-03 9.067842224553379182e+00
2.824809818698951247e+01 2.394839369264553497e+01 1.012726707108512836e-03 9.032833090281856769e+00
2.853199629357872880e+01 2.393081279723035237e+01 9.965256156360591169e-04 8.997915122714083225e+00
2.881874762357405473e+01 2.391253556383141543e+01 9.805887185175353026e-04 8.963086274164597356e+00
2.910838085234744099e+01 2.389357699517166722e+01 9.649118520437153590e-04 8.928344490165279979e+00
2.940092494346312080e+01 2.387395208013776227e+01 9.494909164569181577e-04 8.893687708336802444e+00
2.969640915157400229e+01 2.385367579738515786e+01 9.343218751183690477e-04 8.859113857174762074e+00
2.999486302534713644e+01 2.383276311922114488e+01 9.194007536909894066e-04 8.824620854743422171e+00
3.029631641041860490e+01 2.381122901578768136e+01 9.047236393376848623e-04 8.790206607270100392e+00
3.060079945237812282e+01 2.378908845956769014e+01 8.902866799352829969e-04 8.755869007632336221e+00
3.090834259978363718e+01 2.376635643024101086e+01 8.760860833044105574e-04 8.721605933727957449e+00
3.121897660720616585e+01 2.374304791991847807e+01 8.621181164553711048e-04 8.687415246720092910e+00
3.153273253830531786e+01 2.371915113734934266e+01 8.483786619705755783e-04 8.653299306432231219e+00
3.184964176893566545e+01 2.369461452515039923e+01 8.348630280876380427e-04 8.619267197924411761e+00
3.216973599028435871e+01 2.366945407282597813e+01 8.215677164330622249e-04 8.585316652733716580e+00
3.249304721204028112e+01 2.364368705116561387e+01 8.084893032150147459e-04 8.551445165544491189e+00
3.281960776559503756e+01 2.361733085229957751e+01 7.956244190968418499e-04 8.517650187457153521e+00
3.314945030727612618e+01 2.359040299534492746e+01 7.829697485033147806e-04 8.483929123454512222e+00
3.348260782161256088e+01 2.356292113272207800e+01 7.705220289492871336e-04 8.450279329646415150e+00
3.381911362463343806e+01 2.353490305720137243e+01 7.582780503913851087e-04 8.416698110271479294e+00
3.415900136719945834e+01 2.350636670974594722e+01 7.462346546035020711e-04 8.383182714432061644e+00
3.450230503836813511e+01 2.347733018822452422e+01 7.343887345768204764e-04 8.349730332537660615e+00
3.484905896879266152e+01 2.344781175707646881e+01 7.227372339455586606e-04 8.316338092425064943e+00
3.519929783415504687e+01 2.341782985802018402e+01 7.112771464394141568e-04 8.283003055124559921e+00
3.555305665863369313e+01 2.338740312190804715e+01 7.000055153641378302e-04 8.249722210234018860e+00
3.591037081840584477e+01 2.335655038184230392e+01 6.889194331116643396e-04 8.216492470860870867e+00
3.627127604518524606e+01 2.332527973350227768e+01 6.780158709320403734e-04 8.183312717118072399e+00
3.663580842979532548e+01 2.329350449460323702e+01 6.672903947800656963e-04 8.150199591816923217e+00
3.700400442577833360e+01 2.326121621088846680e+01 6.567398651759053527e-04 8.117155181925820528e+00
3.737590085304069731e+01 2.322843232821038839e+01 6.463615903257498990e-04 8.084176704598815988e+00
3.775153490153504521e+01 2.319515179660012549e+01 6.361526396043449280e-04 8.051264891566782822e+00
3.813094413497926638e+01 2.316138409287149358e+01 6.261102922724610421e-04 8.018418445134914307e+00
3.851416649461287989e+01 2.312714409192413356e+01 6.162319528228442410e-04 7.985635002684747796e+00
3.890124030299119795e+01 2.309244678700812514e+01 6.065150687752779695e-04 7.952912142741486612e+00
3.929220426781762399e+01 2.305730730560442510e+01 5.969571303051033609e-04 7.920247379443994262e+00
3.968709748581444074e+01 2.302174092678649231e+01 5.875556698995549037e-04 7.887638156487778218e+00
4.008595944663253619e+01 2.298576310023058511e+01 5.783082620443123897e-04 7.855081840478731259e+00
4.048883003680037262e+01 2.294938946706605876e+01 5.692125229428624455e-04 7.822575713628888039e+00
4.089574954371268944e+01 2.291263588278233954e+01 5.602661102717810919e-04 7.790116965714033448e+00
4.130675865965928040e+01 2.287551844244129384e+01 5.514667229754996935e-04 7.757702685201597781e+00
4.172189848589425054e+01 2.283805350847942606e+01 5.428121011046021680e-04 7.725329849444835695e+00
4.214121053674617912e+01 2.280017836702160849e+01 5.342988654329436241e-04 7.693012019730200102e+00
4.256473674376957916e+01 2.276180041089873995e+01 5.259232762679447995e-04 7.660769249343824860e+00
4.299251945993807311e+01 2.272293658744250777e+01 5.176832559864766011e-04 7.628598625874674077e+00
4.342460146387978881e+01 2.268360683722346138e+01 5.095768028595842360e-04 7.596496540285681220e+00
4.386102596415518207e+01 2.264383154604828619e+01 5.016019529677277983e-04 7.564459215402361991e+00
4.430183660357796072e+01 2.260363158234647329e+01 4.937567802132402945e-04 7.532482691661295249e+00
4.474707746357942995e+01 2.256302833894064719e+01 4.860393964033974247e-04 7.500562811224361859e+00
4.519679306861659995e+01 2.252204377981442107e+01 4.784479514131061303e-04 7.468695200225298869e+00
4.565102839062475937e+01 2.248070049259451153e+01 4.709806334377960517e-04 7.436875248875312927e+00
4.610982885351463523e+01 2.243902174758962431e+01 4.636356693490709634e-04 7.405098089105852210e+00
4.657324033771483585e+01 2.239703156437915865e+01 4.564113251680009149e-04 7.373358569368340554e+00
4.704130918475998158e+01 2.235475478712675468e+01 4.493059066737643283e-04 7.341651226140593067e+00
4.751408220192481480e+01 2.231221717001688631e+01 4.423177601688273132e-04 7.309970251603169267e+00
4.799160666690504229e+01 2.226944547448341183e+01 4.354452734261718026e-04 7.278309456842708691e+00
4.847393033254510186e+01 2.222646099626848937e+01 4.286867836608511178e-04 7.246663805098155109e+00
4.896110143161348560e+01 2.218309443408571013e+01 4.220379803428853734e-04 7.215073877449882822e+00
4.945316868162608870e+01 2.213926995615512183e+01 4.154959538264804643e-04 7.183558450676729379e+00
4.995018128971796756e+01 2.209499730249257254e+01 4.090590419172939916e-04 7.152115878610636024e+00
5.045218895756410404e+01 2.205029396484612292e+01 4.027257180418363208e-04 7.120742563101904565e+00
5.095924188634963770e+01 2.200517805884535605e+01 3.964944896406850960e-04 7.089434654426711724e+00
5.147139078178997096e+01 2.195966840430398292e+01 3.903638988677225665e-04 7.058188020872000479e+00
5.198868685920146504e+01 2.191378461735260430e+01 3.843325234603403736e-04 7.026998213759289236e+00
5.251118184862291827e+01 2.186754721656690847e+01 3.783989778119423142e-04 6.995860427058564923e+00
5.303892799998870089e+01 2.182097774573756865e+01 3.725619142852367523e-04 6.964769450552502406e+00
5.357197808835373820e+01 2.177409891653672247e+01 3.668200248138492867e-04 6.933719615270756087e+00
5.411038541917106670e+01 2.172693477510922833e+01 3.611720428514162535e-04 6.902704729606065293e+00
5.465420383362244650e+01 2.167951089761103844e+01 3.556167457423331252e-04 6.871718004127072454e+00
5.520348771400252730e+01 2.163185462100254242e+01 3.501529576077718918e-04 6.840751962590328361e+00
5.575829198915705831e+01 2.158399531708281671e+01 3.447795528660946209e-04 6.809798335982578443e+00
5.631867213997590937e+01 2.153592332031438872e+01 3.394948863935804144e-04 6.778859399791154594e+00
5.688468420494113076e+01 2.148740859542186143e+01 3.342943015706766963e-04 6.747998854779576838e+00
5.745638478573091135e+01 2.143842281927032545e+01 3.291760016839626285e-04 6.717225351478999684e+00
5.803383105287974786e+01 2.138899284506423015e+01 3.241389779894002579e-04 6.686532134276234274e+00
5.861708075149556407e+01 2.133914765019366300e+01 3.191822696060937379e-04 6.655911616840346490e+00
5.920619220703425611e+01 2.128891869073859766e+01 3.143049681159229363e-04 6.625355241513555704e+00
5.980122433113229619e+01 2.123834033306739144e+01 3.095062232736715520e-04 6.594853307709786172e+00
6.040223662749798450e+01 2.118744717813312306e+01 3.047852055789389259e-04 6.564395720445496352e+00
6.100928919786178284e+01 2.113621671213014963e+01 3.001403129127157678e-04 6.533989246318208544e+00
6.162244274798660371e+01 2.108466445460053151e+01 2.955704977754198865e-04 6.503629221475770272e+00
6.224175859373843878e+01 2.103282647208303757e+01 2.910750170133107506e-04 6.473304487116380734e+00
6.286729866721795901e+01 2.098074355718519257e+01 2.866532111799036369e-04 6.443002000597586765e+00
6.349912552295377566e+01 2.092846233480968721e+01 2.823045200854784132e-04 6.412706390470819251e+00
6.413730234415801590e+01 2.087603670556760349e+01 2.780285033024250613e-04 6.382399374067016851e+00
6.478189294904457540e+01 2.082352975820121799e+01 2.738248676023841816e-04 6.352058983384433866e+00
6.543296179721114925e+01 2.077094301897844275e+01 2.696924763178232699e-04 6.321682614059677796e+00
6.609057399608509797e+01 2.071788022292272302e+01 2.656246531559002455e-04 6.291399289212332491e+00
6.675479530743432122e+01 2.066426902727732084e+01 2.616193147373547666e-04 6.261234013520510899e+00
6.742569215394344440e+01 2.061013000393982963e+01 2.576757001122155586e-04 6.231181267908725729e+00
6.810333162585624223e+01 2.055548719906587252e+01 2.537931135028383004e-04 6.201234102559097572e+00
6.878778148768459744e+01 2.050036935006415817e+01 2.499709415995590863e-04 6.171383635552895264e+00
6.947911018498504632e+01 2.044481164255056882e+01 2.462086787273049752e-04 6.141618326660909233e+00
7.017738685120346531e+01 2.038885831164778395e+01 2.425059643615561425e-04 6.111922898536819027e+00
7.088268131458833921e+01 2.033256660797103876e+01 2.388626406761632491e-04 6.082276686401773880e+00
7.159506410517377617e+01 2.027601305680743593e+01 2.352788438827095401e-04 6.052651024629801313e+00
7.231460646183248286e+01 2.021924804073082171e+01 2.317543531657866040e-04 6.023025779572712679e+00
7.304138033939973695e+01 2.016217874292339474e+01 2.282869103858665082e-04 5.993433933936936242e+00
7.377545841586895392e+01 2.010488837737315748e+01 2.248768184833202836e-04 5.963842353380014671e+00
7.451691409965950186e+01 2.004754247034440695e+01 2.215256003332395315e-04 5.934184316441483809e+00
7.526582153695767374e+01 1.999042440660859654e+01 2.182365378240318536e-04 5.904343295967918515e+00
7.602225561913125773e+01 1.993402491369283425e+01 2.150160207699096664e-04 5.874113774960744827e+00
7.678629199021884233e+01 1.987751282959085586e+01 2.118510287150631116e-04 5.843818345486883281e+00
7.755800705449424015e+01 1.982036173084070541e+01 2.087330007355097251e-04 5.813668689624123864e+00
7.833747798410698238e+01 1.976258488148262416e+01 2.056613324390662060e-04 5.783661408283120586e+00
7.912478272679956603e+01 1.970423589122941266e+01 2.026360416572913479e-04 5.753775630777956174e+00
7.992000001370237783e+01 1.964503748277125084e+01 1.996521074300140004e-04 5.724134467651218472e+00
8.008000001372977295e+01 1.963310614057746761e+01 1.990603860954823895e-04 5.718231130542238638e+00
8.088481739396792136e+01 1.957206593402295169e+01 1.961129395198891556e-04 5.689242015073894265e+00
8.169772332334970599e+01 1.951246784536170154e+01 1.932399404234795386e-04 5.659497513161666049e+00
8.251879909314548911e+01 1.945163143986212972e+01 1.903999000746276545e-04 5.630178481559065418e+00
8.334812681161646708e+01 1.939006761192131023e+01 1.875999280173614066e-04 5.601061247082901318e+00
8.418578941222563117e+01 1.932789574598136895e+01 1.848411564277766981e-04 5.572093848825554474e+00
8.503187066193106602e+01 1.926549188394659140e+01 1.821288228448132978e-04 5.543097646932247713e+00
8.588645516956282222e+01 1.920273707624389203e+01 1.794604088249745718e-04 5.514125767561558256e+00
8.674962839428380335e+01 1.913948786695629067e+01 1.768329853065820419e-04 5.485246534670976892e+00
8.762147665413584718e+01 1.907567619586264129e+01 1.742448042994040088e-04 5.456494275062411248e+00
8.850208713467142729e+01 1.901126784463145469e+01 1.716946545828571154e-04 5.427887988835655264e+00
8.939154789767245290e+01 1.894636705558972878e+01 1.691836082482678567e-04 5.399374840279807408e+00
9.028994788995645138e+01 1.888110747506463838e+01 1.667132776414260997e-04 5.370882879300498125e+00
9.119737695227132690e+01 1.881542640053072191e+01 1.642820560687156936e-04 5.342442452001550990e+00
9.211392582827949127e+01 1.874928025056397729e+01 1.618886465171860657e-04 5.314075257489064619e+00
9.303968617363234728e+01 1.868263988596358871e+01 1.595319907314280772e-04 5.285796249341549569e+00
9.397475056513589209e+01 1.861548546970118423e+01 1.572111881270472076e-04 5.257616001259681759e+00
9.491921251000849225e+01 1.854780331649932279e+01 1.549254459611295817e-04 5.229542162731124932e+00
9.587316645523171132e+01 1.847958424589759474e+01 1.526740538610373704e-04 5.201580174059401429e+00
9.683670779699502873e+01 1.841086400322461358e+01 1.504571128060025215e-04 5.173708083214096476e+00
9.780993289023557224e+01 1.834165710768184709e+01 1.482743733966153821e-04 5.145915582839863056e+00
9.879293905827367439e+01 1.827193698231842944e+01 1.461248556031272193e-04 5.118217886638924519e+00
9.978582460254533260e+01 1.820168371965440102e+01 1.440076953226250307e-04 5.090626987211048338e+00
1.007886888124323832e+02 1.813088236884724225e+01 1.419221168089820841e-04 5.063152470071078604e+00
1.018016319751915120e+02 1.805952170403780954e+01 1.398674127937644561e-04 5.035802101587341539e+00
1.028247553859831669e+02 1.798759332724628734e+01 1.378429299562540110e-04 5.008582259218814059e+00
1.038581613580009986e+02 1.791509136275427849e+01 1.358480651726894203e-04 4.981497993301820415e+00
1.049019532327033630e+02 1.784203526465334377e+01 1.338827224361466750e-04 4.954536046657318060e+00
1.059562353901475831e+02 1.776843233612975581e+01 1.319465886400830745e-04 4.927691051908064779e+00
1.070211132594279917e+02 1.769427609520896638e+01 1.300390857314907334e-04 4.900967704460216012e+00
1.080966933292188799e+02 1.761956925444040678e+01 1.281598296870811412e-04 4.874363767261245428e+00
1.091830831584235995e+02 1.754435000471697137e+01 1.263092007799713026e-04 4.847847857503014168e+00
1.102803913869303329e+02 1.746861173424014169e+01 1.244866762751950376e-04 4.821422691663204141e+00
1.113887277464764054e+02 1.739233980328996054e+01 1.226915633757707797e-04 4.795098018085290015e+00
1.125082030716213950e+02 1.731552209259720598e+01 1.209232182877112920e-04 4.768882289058563373e+00
1.136389293108306759e+02 1.723814855892212350e+01 1.191810387388812803e-04 4.742782885477039301e+00
1.147810195376704598e+02 1.716021087503352405e+01 1.174644578993524536e-04 4.716806299892656540e+00
1.159345879621151880e+02 1.708170213673203364e+01 1.157729394139023557e-04 4.690958286427206581e+00
1.170997499419685965e+02 1.700261662335181612e+01 1.141059733211248619e-04 4.665243984178917280e+00
1.182766219943996617e+02 1.692294960110102409e+01 1.124630726826635551e-04 4.639668019344148853e+00
1.194653218075943215e+02 1.684269777924387057e+01 1.108437861974132248e-04 4.614233948537958874e+00
1.206659682525245358e+02 1.676187493334974832e+01 1.092480989265545786e-04 4.588927370272398498e+00
1.218786813948352972e+02 1.668047917256258472e+01 1.076756286202340746e-04 4.563749169519049076e+00
1.231035825068514526e+02 1.659847710560036305e+01 1.061251625115101807e-04 4.538736026867898232e+00
1.243407940797049633e+02 1.651586078125658474e+01 1.045961057433574155e-04 4.513899527231096442e+00
1.255904398355841067e+02 1.643263297200114081e+01 1.030881449332988418e-04 4.489239642460210788e+00
1.268526447401058448e+02 1.634879615138895659e+01 1.016009677705980238e-04 4.464756513824834627e+00
1.281275350148125085e+02 1.626435252339402737e+01 1.001342634147132330e-04 4.440450438698168689e+00
1.294152381497939075e+02 1.617930404701157698e+01 9.868772281855340981e-05 4.416321859771726643e+00
1.307158829164367262e+02 1.609365250486479226e+01 9.726104043116679942e-05 4.392371291291749635e+00
1.320295993803014198e+02 1.600741140338417523e+01 9.585428672663384416e-05 4.368582340594354463e+00
1.333565189141292251e+02 1.592058595540365218e+01 9.446731924351784012e-05 4.344948015730851765e+00
1.346967742109791573e+02 1.583317492904445700e+01 9.309981094823460061e-05 4.321469849878294411e+00
1.360504992974979643e+02 1.574517707008475753e+01 9.175144039552009657e-05 4.298149387744229166e+00
1.374178295473222704e+02 1.565659109201489940e+01 9.042189148224844843e-05 4.274988193231953559e+00
1.387989016946165464e+02 1.556741566708831037e+01 8.911085322025354258e-05 4.251987856708722369e+00
1.401938538477464533e+02 1.547764941818775419e+01 8.781801952524520896e-05 4.229150001979094853e+00
1.416028255030896901e+02 1.538729091126492854e+01 8.654308901613612479e-05 4.206476293209514772e+00
1.430259575589859935e+02 1.529633324037049746e+01 8.528555490962921360e-05 4.183978739881322184e+00
1.444633923298269451e+02 1.520475091876801521e+01 8.404413499455105701e-05 4.161708402307657373e+00
1.459152735602873463e+02 1.511254419379832292e+01 8.281846905359286064e-05 4.139672375457838172e+00
1.473817464397003221e+02 1.501971800090062992e+01 8.160839396534324012e-05 4.117868261341255831e+00
1.488629576165757555e+02 1.492627653019144418e+01 8.041373940844815619e-05 4.096294118008331431e+00
1.503590552132657479e+02 1.483222328664991707e+01 7.923432882734991875e-05 4.074948429859444055e+00
1.518701888407767058e+02 1.473756114184040200e+01 7.806998026992264920e-05 4.053830082682969405e+00
1.533965096137306148e+02 1.464229227501604669e+01 7.692050218035245267e-05 4.032938601540601020e+00
1.549381701654767767e+02 1.454641756816608655e+01 7.578566088963210347e-05 4.012275900812847240e+00
1.564953246633550350e+02 1.444993733882104792e+01 7.466520916181207434e-05 3.991844872985188086e+00
1.580681288241128470e+02 1.435285167065073075e+01 7.355890104271486268e-05 3.971648632007572122e+00
1.596567399294769416e+02 1.425516039345071029e+01 7.246649110876427207e-05 3.951690561678701918e+00
1.612613168418817224e+02 1.415686307705346003e+01 7.138773444108833534e-05 3.931974326992390800e+00
1.628820200203555544e+02 1.405795902263308328e+01 7.032238657604397106e-05 3.912503887468326891e+00
1.645190115365668930e+02 1.395844728839180426e+01 6.927020563073947915e-05 3.893283389046800380e+00
1.661724550910315372e+02 1.385832643889524896e+01 6.823093835809920587e-05 3.874317961832591362e+00
1.678425160294827947e+02 1.375758610726065179e+01 6.720379334069550572e-05 3.855643991404511528e+00
1.695293613594062094e+02 1.365621855752744018e+01 6.618805848254920418e-05 3.837294956105558263e+00
1.712331597667405276e+02 1.355422541463537200e+01 6.518359279891638883e-05 3.819272456199764409e+00
1.729540816327462665e+02 1.345160742443685464e+01 6.419024802874945571e-05 3.801578753005364408e+00
1.746922990510441309e+02 1.334836455633030106e+01 6.320787570191273720e-05 3.784216378895310928e+00
1.764479858448245579e+02 1.324449601618213102e+01 6.223633064766078630e-05 3.767187936970116002e+00
1.782213175842299222e+02 1.313999953101789941e+01 6.127542328396607687e-05 3.750499022269905058e+00
1.800124716039119903e+02 1.303487190344455549e+01 6.032495516313072533e-05 3.734156187855221187e+00
1.818216270207653622e+02 1.292910901241866917e+01 5.938472217496854082e-05 3.718166796640406169e+00
1.836489647518392587e+02 1.282270574945439456e+01 5.845451437083641052e-05 3.702539077218133023e+00
1.854946675324297303e+02 1.271565535357667542e+01 5.753407601940785208e-05 3.687284732628163031e+00
1.873589199343527980e+02 1.260794989752911910e+01 5.662314037485337314e-05 3.672416891516243176e+00
1.892419083844022794e+02 1.249958113657916670e+01 5.572149749718487740e-05 3.657945741823731112e+00
1.911438211829922693e+02 1.239053938423311862e+01 5.482892999722626006e-05 3.643882619012566604e+00
1.930648485229876883e+02 1.228081289045100810e+01 5.394518353438685899e-05 3.630242062057612795e+00
1.950051825087232373e+02 1.217037947956315236e+01 5.306946812456311667e-05 3.617076006457700110e+00
1.969650171752145411e+02 1.205922150281646310e+01 5.220138130132941567e-05 3.604412483627137398e+00
1.989445485075614499e+02 1.194732320382573931e+01 5.134077589764599129e-05 3.592263311757860400e+00
2.009439744605467979e+02 1.183466600845793870e+01 5.048749144922386536e-05 3.580642055838062277e+00
2.029634949784320099e+02 1.172122812330949237e+01 4.964134772531580736e-05 3.569564612636818346e+00
2.050033120149519164e+02 1.160698367938372932e+01 4.880212110700402794e-05 3.559051098045957318e+00
2.070636295535099975e+02 1.149190030183679845e+01 4.796945764487892339e-05 3.549132586304536652e+00
2.091446536275769859e+02 1.137594022762900892e+01 4.714296790444819687e-05 3.539844806358265039e+00
2.112465923412945301e+02 1.125905950196651872e+01 4.632223181602277958e-05 3.531228143361885952e+00
2.133696558902856282e+02 1.114120668574496875e+01 4.550679066317952180e-05 3.523328646190001745e+00
2.155140565826744137e+02 1.102231846301728346e+01 4.469604281393442524e-05 3.516206715909186098e+00
2.176800088603170877e+02 1.090232433102745979e+01 4.388947539121674797e-05 3.509919807125016167e+00
2.198677293202464398e+02 1.078114238874542963e+01 4.308656963424010067e-05 3.504529945976646577e+00
2.220774367363314923e+02 1.065866400091497290e+01 4.228643843435742419e-05 3.500134200655419914e+00
2.243093520811553390e+02 1.053475227526486435e+01 4.148796275886272898e-05 3.496856457470632229e+00
2.265636985481123986e+02 1.040925357285099118e+01 4.069023814636165147e-05 3.494811801698822773e+00
2.288407015737279551e+02 1.028197973034836110e+01 3.989223972962024608e-05 3.494135281089186140e+00
2.311405888602020866e+02 1.015269277264899017e+01 3.909268820993838970e-05 3.494996219030755746e+00
2.334635903981800595e+02 1.002108524062468398e+01 3.828994477710739706e-05 3.497611887673370390e+00
2.358099384897514881e+02 9.886751119408449640e+00 3.748187727911882482e-05 3.502266034611477341e+00
2.381798677716808186e+02 9.749136101647049912e+00 3.666559917945889257e-05 3.509342779544116553e+00
2.405736152388712412e+02 9.607444081738888642e+00 3.583693409716580777e-05 3.519393595557981147e+00
2.429914202680642177e+02 9.460469345651951301e+00 3.498957618749859205e-05 3.533247950293641360e+00
2.454335246417775238e+02 9.306249427563216159e+00 3.411338923592924450e-05 3.552237858744789367e+00
2.479001725724836263e+02 9.141084833245937347e+00 3.318902588771113391e-05 3.578874857264818132e+00
2.503916107270310931e+02 8.956362880397225723e+00 3.217167146016673170e-05 3.618941008872702536e+00
2.529080882513117103e+02 8.715171697973108422e+00 3.086877339700074192e-05 3.697003541179121111e+00
2.530000000433771561e+02 8.702930303167914161e+00 3.080340745083974703e-05 3.702157353485600488e+00
