0 -1.431495e+00 2.156496e-02 1.333165e-01
1 1.757030e+00 -2.236675e-01 2.916873e+00
2 1.350451e+00 -6.305647e-02 2.736450e+00
3 -2.178460e-01 4.804196e-01 3.468697e-02
4 1.207402e+01 1.219273e-02 8.281898e-02
5 4.599896e+00 9.053326e-02 2.323585e+00
6 4.423389e+00 2.202263e-01 2.165041e+00
7 -7.324986e-01 4.364703e-01 6.543076e-02
8 1.973839e+00 1.305561e-01 1.766193e-02
9 -2.468417e+00 5.845684e-01 1.443925e+00
10 -1.816299e+00 4.326952e-01 1.388066e+00
11 1.820800e-01 2.099754e-01 7.516579e-02
12 4.702271e-01 6.133160e-02 -3.179759e-03
13 -8.751643e-01 7.385737e-01 -2.069305e-01
14 -4.866420e-01 3.124524e-01 -6.955197e-02
15 3.822958e-01 5.336240e-02 6.552222e-02
16 -1.160189e+00 3.589081e-01 1.569738e-01
17 -3.633671e+00 2.905324e+00 -2.849162e-01
18 -1.218900e+00 1.134430e+00 -6.299376e-02
#chi2: 1.258779e+02 7.857792e+01 2.982502e+01
